0000000b
00000001
00000002
00000004
00000006
00000008
00000002
00000001
00000000
00000008
00000007
0000000b
00000001
00000002
00000004
00000006
00000008
00000002
00000001
00000000
00000008
00000007
00000006
00000005
0000000b
00000001
00000002
00000004
00000006
00000008
00000002
00000001
00000000
00000008
00000007
00000006
00000005
0000000b
00000001
00000002
00000004
00000006
00000008
00000002
00000001
00000000
00000008
00000007
00000006
00000005
0000000b
00000001
00000002
00000004
00000006
00000008
00000002
00000001
00000000
00000008
00000007
0000000b
00000001
00000002
00000004
00000006
00000008
00000002
00000001
00000000
00000008
00000007
00000006
00000005
0000000b
00000001
00000002
00000004
00000006
00000008
00000002
00000001
00000000
00000008
00000007
00000006
00000005
0000000b
00000001
00000002
00000004
00000006
00000008
00000002
00000001
00000000
00000008
00000007
00000006
00000005